Frequency               	V(Vo)                   	V(Vx)                                    
0                        	12.009597748108181036741 	12.009519232449969550203 
3333.3333333332379879721 	12.009597748108181036741 	12.009519232449967773846 
6666.6666666664759759442 	3.22443956860046537e-15  	2.747211357514119503e-16 
9999.9999999997144186636 	9.455316616895938634e-15 	0.0001319468637294121574 
13333.333333332951951888 	1.059360534789999689e-14 	0.0002638937274580033568 
16666.666666666191304103 	4.508673348078111729e-15 	0.000131946863729210035  
19999.999999999428837327 	2.540756033628506365e-15 	7.166268436821935817e-17 
23333.333333332666370552 	6.837275636347426234e-14 	0.0011785005026959192564 
26666.666666665903903777 	1.341087299913623492e-13 	0.0023570010053914729198 
29999.999999999141437002 	6.885550876286956394e-14 	0.0011785005026958149561 
33333.333333332382608205 	3.037963832923238732e-15 	5.431169447006623003e-17 
36666.666666665616503451 	7.75343611560418645e-14  	0.0003430659662236703916 
39999.999999998857674655 	1.524245674854984111e-13 	0.0006861319324467994411 
43333.333333332091569901 	7.644615258548558755e-14 	0.0003430659662231881927 
46666.666666665332741104 	4.178462884121382435e-15 	4.555027731637816838e-16 
49999.99999999856663635  	9.616838861244553209e-15 	0.0008954287416368427377 
53333.333333331807807554 	1.415311172317330011e-14 	0.0017908574832701362311 
56666.666666665048978757 	4.471497576522974694e-15 	0.0008954287416336239583 
59999.999999998282874003 	8.286715244637161012e-15 	2.041849461926796346e-16 
63333.333333331524045207 	7.313810700998677927e-12 	0.0004084760936544556205 
66666.66666666476521641  	1.462439005999131396e-11 	0.0008169521873091254794 
69999.999999997991835698 	7.312557682343324125e-12 	0.0004084760936547253158 
73333.333333331233006902 	2.256245741975546562e-14 	1.813392832004926674e-16 
76666.666666664474178106 	1.791780629795185345e-14 	0.0005041440680387882433 
79999.999999997715349309 	2.6756291255418649e-14   	0.0010082881360780593903 
83333.333333330956520513 	1.329984204541459848e-14 	0.0005041440680388861468 
86666.666666664183139801 	1.53108043393758239e-15  	2.018067330966735245e-16 
89999.999999997424311005 	4.038047988155295414e-14 	0.0002685076689982727636 
93333.333333330665482208 	7.835268880657668661e-14 	0.0005370153379970007837 
96666.666666663906653412 	3.866302008315926334e-14 	0.0002685076689987044929 
99999.9999999971332727   	2.068476599610362527e-15 	1.075367463265169659e-15 
103333.3333333303744439  	5.24975674958907822e-14  	0.0001026172368199978265 
106666.66666666361561511 	1.059978578637517533e-13 	0.0002052344736404345651 
109999.99999999685678631 	5.622718727156826865e-14 	0.0001026172368202469084 
113333.33333333009795751 	5.027145129371321779e-15 	1.706117183967400369e-16 
116666.6666666633245768  	1.119735774082802449e-14 	9.723217262512771377e-05 
119999.99999999656574801 	1.908770415861911847e-14 	0.0001944643452504480903 
123333.33333332980691921 	1.364435065051553955e-14 	9.723217262518318426e-05 
126666.66666666304809041 	2.196796430956525138e-14 	6.224147273714964098e-17 
129999.9999999962747097  	7.919176035633251996e-12 	0.0002112817840242207207 
133333.33333332953043282 	1.587326554340819016e-11 	0.0004225635680481884971 
136666.66666666275705211 	7.941822904205636083e-12 	0.0002112817840240651919 
139999.9999999959836714  	1.034326205870894037e-14 	2.265532085670097772e-16 
143333.33333332923939452 	1.791729688171832369e-14 	0.0006994274833170009741 
146666.6666666624660138  	3.37693416030363346e-14  	0.001398854966636285278  
149999.99999999572173692 	1.445110539137922458e-14 	0.0006994274833192037476 
153333.33333332894835621 	5.609211219900303033e-15 	2.884485371699006122e-16 
156666.6666666621749755  	4.813062614119850375e-14 	0.0003661538748759781705 
159999.99999999543069862 	9.257456348862974291e-14 	0.0007323077497518715563 
163333.33333332865731791 	4.756801778752276043e-14 	0.0003661538748762395716 
166666.66666666191304103 	9.92457967030111777e-16  	1.904598121701738861e-17 
169999.99999999513966031 	6.265264321253024827e-14 	0.001758841170646353088  
173333.3333333283662796  	1.246343635951491537e-13 	0.0035176823412929221491 
176666.66666666162200272 	6.274899632472843394e-14 	0.0017588411706462938906 
179999.99999999484862201 	7.422178630520668995e-16 	4.566281712984530897e-17 
183333.3333333280752413  	5.299712005401567988e-15 	0.0003364810031068809831 
186666.66666666133096442 	1.112116901609197065e-14 	0.0006729620062142290405 
189999.9999999945575837  	2.900318108527692594e-15 	0.000336481003106493435  
193333.33333332781330682 	6.405044910398554959e-15 	1.924071005124864051e-16 
196666.66666666103992611 	0.0034240180499434322292 	10.810527078323209693167 
199999.9999999942665454  	0.0068480360999002096861 	21.621054156646419386334 
203333.33333332752226852 	0.0034240180499577927038 	10.810527078323209693167 
206666.66666666074888781 	1.124086089146105957e-14 	3.338260815380004046e-16 
209999.99999999400461093 	5.305216548453693472e-15 	0.0001499950555578895772 
213333.33333332723123021 	1.185493932077799063e-14 	0.0002999901111178048235 
216666.6666666604578495  	9.652725988917129156e-15 	0.0001499950555587519787 
219999.99999999371357262 	4.387890845990217887e-15 	1.26640588595603296e-16  
223333.33333332694019191 	3.674515251261960341e-14 	9.343759407669156066e-05 
226666.66666666019591503 	7.160305720484150846e-14 	0.0001868751881532135792 
229999.99999999342253432 	3.583982759999496517e-14 	9.343759407651608254e-05 
233333.33333332664915361 	1.081354742999917962e-15 	1.127904633389536666e-16 
236666.66666665990487672 	6.894692469840945497e-14 	0.0001187141530972707029 
239999.99999999313149601 	1.3725444783228151e-13   	0.0002374283061942789746 
243333.33333332638721913 	6.950462707320256904e-14 	0.0001187141530969706499 
246666.66666665961383842 	2.969389302064430101e-15 	5.34540500562551713e-16  
249999.99999999284045771 	3.700645389133832239e-15 	0.0005661034147045323085 
253333.33333332609618083 	1.016322633988368477e-14 	0.0011322068294067539652 
256666.66666665932280011 	8.758919662496805514e-15 	0.0005661034147025392196 
259999.9999999925494194  	4.179283651879358234e-15 	1.329127556708543112e-16 
263333.33333332580514252 	2.969524502556334056e-12 	0.0003660284004426448768 
266666.66666665906086564 	5.945229001940227182e-12 	0.0007320568008853026555 
269999.9999999922583811  	2.975719635890061322e-12 	0.0003660284004427766615 
273333.33333332551410422 	7.41151697566416323e-15  	2.592114059828670147e-16 
276666.66666665876982734 	7.537047460833212376e-15 	0.0006153078523110478521 
279999.99999999196734279 	2.042420556912408181e-14 	0.0012306157046221564196 
283333.33333332522306591 	9.593507787080873436e-15 	0.0006153078523109884379 
286666.66666665847878903 	2.313559489735287233e-15 	3.016332753798054985e-16 
289999.99999999167630449 	2.05734279840404626e-14  	0.0004820950934741954907 
293333.33333332493202761 	3.719637747191788418e-14 	0.0009641901869490413944 
296666.66666665818775073 	1.831819489615219315e-14 	0.0004820950934744644813 
299999.99999999144347385 	2.864811424951603228e-15 	2.440804068705512977e-15 
303333.3333333246409893  	4.582616277211982726e-14 	0.0004135546115598231326 
306666.66666665789671242 	8.694601873191270385e-14 	0.0008271092231204667895 
309999.99999999115243554 	4.245036683482934034e-14 	0.0004135546115599992071 
313333.333333324349951   	1.324430058780339094e-15 	1.812869489727818045e-16 
316666.66666665760567412 	7.505169529681484512e-15 	0.0003666940012216144806 
319999.99999999086139724 	1.109717007841984023e-14 	0.0007333880024433049637 
323333.33333332405891269 	7.032503689891161564e-15 	0.0003666940012216914047 
326666.66666665731463581 	1.187076164311402777e-14 	8.708601802694327372e-17 
329999.99999999057035893 	4.30749277747128472e-12  	0.000109871964966145054  
333333.33333332382608205 	8.596459759292388434e-12 	0.0002197439299324231937 
336666.66666665702359751 	4.298683907692115131e-12 	0.0001098719649662361676 
339999.99999999027932063 	2.548471605131416221e-15 	1.551060479323055054e-16 
343333.33333332353504375 	1.37210587561702136e-14  	9.313767607685484538e-05 
346666.6666666567325592  	2.59731274703264643e-14  	0.0001862753521537701621 
349999.99999998998828232 	1.170229646641867237e-14 	9.313767607673585419e-05 
353333.33333332324400544 	2.085433071532952659e-15 	7.504240578121214041e-17 
356666.6666666564415209  	2.364346366523000142e-14 	0.0001744297009978232446 
359999.99999998969724402 	4.876612427085969008e-14 	0.0003488594019957205945 
363333.33333332295296714 	2.383701718362910713e-14 	0.0001744297009980864347 
366666.66666665615048259 	1.333375715716568476e-15 	3.517792438801506178e-17 
369999.99999998940620571 	2.547607356489322766e-14 	0.0013073114462680375178 
373333.33333332266192883 	5.083235013181349747e-14 	0.0026146228925366253766 
376666.66666665591765195 	2.662653320953173868e-14 	0.0013073114462681648031 
379999.99999998911516741 	2.081096122652117372e-15 	8.401145433522992785e-17 
383333.33333332237089053 	1.096512225493188637e-14 	0.0003436130316472566924 
386666.66666665562661365 	1.884266966218127991e-14 	0.0006872260632947999395 
389999.9999999888241291  	9.03200651723101031e-15  	0.0003436130316467730841 
393333.33333332207985222 	5.224818244447128301e-15 	1.135675164568981912e-16 
396666.66666665533557534 	0.0006047634030469239844 	7.639431815104046563647  
399999.9999999885330908  	0.0012095268060975626623 	15.278863630208093127294 
403333.33333332178881392 	0.0006047634030515772717 	7.639431815104046563647  
406666.66666665504453704 	4.989075482981191575e-15 	3.554305922800752243e-16 
409999.99999998830026016 	6.982986450008463832e-15 	0.0003439384739006999449 
413333.33333332149777561 	1.660460837315915298e-14 	0.0006878769478022829726 
416666.66666665475349873 	8.620722873169775314e-15 	0.000343938473901023254  
419999.99999998800922185 	2.122341793604354546e-15 	1.521323681074270254e-16 
423333.33333332120673731 	2.519153531694229859e-14 	0.0013108395846350684964 
426666.66666665446246043 	4.948971311274477715e-14 	0.0026216791692710819835 
429999.99999998771818355 	2.397984930572727954e-14 	0.0013108395846354425462 
433333.33333332091569901 	7.89898911566681678e-16  	1.74193247258024198e-16  
436666.66666665417142212 	2.623802406560836517e-14 	0.0001752794208989611922 
439999.99999998742714524 	5.203077924182402185e-14 	0.000350558841797915066  
443333.3333333206246607  	2.640870386666680339e-14 	0.0001752794208990596919 
446666.66666665388038382 	9.332412709086805176e-16 	5.280995035640559523e-16 
449999.99999998713610694 	1.392365882874282683e-14 	9.539002629952738179e-05 
453333.33333332039183006 	2.831726029851981345e-14 	0.0001907800525995650704 
456666.66666665358934551 	1.604196320062688594e-14 	9.539002629956929975e-05 
459999.99999998684506863 	4.945050937051395696e-15 	1.5056142123421375e-16   
463333.33333332010079175 	4.237855345102228878e-12 	0.0001088476959415607376 
466666.66666665329830721 	8.481934209492906856e-12 	0.0002176953918828926273 
469999.99999998655403033 	4.245074447876792914e-12 	0.0001088476959414951299 
473333.33333331980975345 	2.046348076355777533e-15 	2.858942976790918989e-16 
476666.66666665300726891 	3.091003821743011085e-15 	0.0003654856219653412918 
479999.99999998626299202 	8.231749014791344594e-15 	0.0007309712439308469487 
483333.33333331951871514 	3.694991525232233784e-15 	0.0003654856219653747395 
486666.66666665277443826 	2.240001879564106002e-15 	3.863933312388640894e-16 
489999.99999998597195372 	4.120640418671155525e-14 	0.0004128496286877649511 
493333.33333331922767684 	8.21305259086436777e-14  	0.0008256992573760553065 
496666.66666665248339996 	4.027913161785845871e-14 	0.0004128496286878293527 
499999.99999998568091542 	1.965218156142969077e-15 	2.426906797440383032e-15 
503333.33333331893663853 	2.117575999177368351e-14 	0.0004818809063860735238 
506666.66666665219236165 	4.047469117006296014e-14 	0.0009637618127727081221 
509999.99999998538987711 	1.99078495712603484e-14  	0.000481880906386068157  
513333.33333331864560023 	7.333541125353569665e-16 	1.438995716670128134e-16 
516666.66666665190132335 	1.305608523194959201e-14 	0.0006154690211467225011 
519999.99999998509883881 	2.247188014831919477e-14 	0.0012309380422932548332 
523333.33333331835456192 	1.406323597421370058e-14 	0.0006154690211466321871 
526666.66666665161028504 	1.456128008160027673e-14 	1.913674308414542971e-16 
529999.99999998486600816 	2.918681998444932137e-12 	0.0003665753429472088862 
533333.33333331812173128 	5.852383791295630034e-12 	0.0007331506858942746577 
536666.66666665126103908 	2.927649457367227617e-12 	0.0003665753429471322873 
539999.9999999845167622  	7.047494446327151039e-16 	3.462510253187538118e-17 
543333.33333331777248532 	3.610244845951153243e-15 	0.0005677248189872970618 
546666.66666665102820843 	5.613559081823968506e-15 	0.0011354496379771875352 
549999.99999998428393155 	3.051955006331401283e-15 	0.0005677248189900885571 
553333.33333331753965467 	2.162620137782617703e-15 	1.204912037106978076e-16 
556666.66666665079537779 	6.662406844793607066e-14 	0.0001196305841171393193 
559999.99999998393468559 	1.338435380130948587e-13 	0.0002392611682344001234 
563333.33333331719040871 	6.611084488477650343e-14 	0.0001196305841171087177 
566666.66666665044613183 	1.404675768521361833e-15 	5.129935669809888645e-17 
569999.99999998370185494 	3.4669557431414451e-14   	8.90121559422820172e-05  
573333.33333331695757806 	6.804982742550072758e-14 	0.000178024311884749433  
576666.66666665021330118 	3.37633155558064996e-14  	8.901215594226139026e-05 
579999.99999998335260898 	1.962104193830336714e-15 	1.075987457977195221e-16 
583333.3333333166083321  	8.322537786824645673e-15 	0.0001491578108269172134 
586666.66666664986405522 	1.342186009913983625e-14 	0.0002983156216540278484 
589999.99999998311977834 	7.144225985894532436e-15 	0.0001491578108265913293 
593333.33333331637550145 	3.121944944856474153e-15 	5.883690619344218647e-17 
596666.66666664963122457 	0.0001264613856132333961 	3.5945264965623651143289 
599999.99999998288694769 	0.0002529227712266170626 	7.1890529931247302286579 
603333.33333331602625549 	0.0001264613856140098475 	3.5945264965623651143289 
606666.66666664928197861 	2.168022210353192819e-15 	3.435881441669909544e-16 
609999.99999998253770173 	7.431002240563908388e-15 	0.0003361037198134108933 
613333.33333331579342484 	1.484718803742079652e-14 	0.0006722074396270755984 
616666.66666664904914796 	8.269881239640746397e-15 	0.0003361037198133243198 
619999.99999998230487108 	1.28137298613636065e-15  	1.332519157524598271e-16 
623333.3333333155605942  	6.195121888416061523e-14 	0.0017594018161491188374 
626666.666666648699902   	1.241218322308903767e-13 	0.0035188036322978712145 
629999.99999998195562512 	6.155343320276581006e-14 	0.0017594018161488735909 
633333.33333331521134824 	9.575121412190601472e-16 	2.231348202925377356e-16 
636666.66666664846707135 	4.401182474554548042e-14 	0.0003664383863203694294 
639999.99999998172279447 	8.83155758978521534e-14  	0.0007328767726402105271 
643333.33333331497851759 	4.386557206627336803e-14 	0.0003664383863201503121 
646666.66666664811782539 	1.490932896792389423e-15 	4.7591843413931088e-16   
649999.99999998137354851 	1.728559986318682284e-14 	0.000700989412030998682  
653333.33333331462927163 	3.263453840045501405e-14 	0.0014019788240610408809 
656666.66666664788499475 	1.735838377412790122e-14 	0.0007009894120293920028 
659999.99999998114071786 	4.101986433327614953e-15 	1.91567403828051302e-16  
663333.33333331439644098 	7.895645673050717497e-12 	0.000212182470563137632  
666666.6666666476521641  	1.579486903675413631e-11 	0.0004243649411267595229 
669999.9999999807914719  	7.9043742330865118e-12   	0.0002121824705634313966 
673333.33333331404719502 	6.656832198879528138e-15 	2.715392272558042726e-16 
676666.66666664730291814 	7.895991217020577003e-15 	9.87788952903514121e-05  
679999.99999998055864125 	1.76485856123634177e-14  	0.0001975577905807042608 
683333.33333331381436437 	7.969014030702102533e-15 	9.877889529036304017e-05 
686666.66666664707008749 	1.678000461402397837e-15 	4.194026747106306667e-16 
689999.99999998020939529 	5.332017958246990088e-14 	0.0001014067040597115167 
693333.33333331346511841 	1.080821743233180926e-13 	0.0002028134081192106111 
696666.66666664672084153 	5.398871354622806964e-14 	0.0001014067040594042403 
699999.99999997997656465 	7.560516515483846922e-16 	1.05190956938851136e-15  
703333.33333331323228776 	3.673469534238726544e-14 	0.0002674999310972154772 
706666.66666664648801088 	7.500513225610012692e-14 	0.0005349998621945170401 
709999.999999979743734   	3.851871669723141088e-14 	0.0002674999310970924203 
713333.3333333128830418  	9.001905105986145224e-16 	7.584696742209837693e-17 
716666.66666664613876492 	1.480504207951259291e-14 	0.0005031635469761537626 
719999.99999997939448804 	2.725219766147004485e-14 	0.0010063270939522437741 
723333.33333331265021116 	1.550275149798577645e-14 	0.0005031635469760954325 
726666.66666664590593427 	1.118024727974847395e-14 	2.151042226756973329e-16 
729999.99999997916165739 	7.29555674495920235e-12  	0.0004082248192265160516 
733333.33333331230096519 	1.460983431287409023e-11 	0.0008164496384527087942 
736666.66666664555668831 	7.306761698281380442e-12 	0.0004082248192263015422 
739999.99999997881241143 	2.434526834218390223e-15 	1.176311574348133558e-16 
743333.33333331206813455 	8.172777841636083164e-15 	0.0008954681068123169791 
746666.66666664532385767 	1.787107035426319864e-14 	0.0017909362136287686716 
749999.99999997857958078 	9.289689969291031471e-15 	0.0008954681068165773515 
753333.3333333118353039  	1.687089526240803907e-15 	2.143439049900721708e-16 
756666.6666666449746117  	7.683218477497626905e-14 	0.000343511465757698046  
759999.99999997823033482 	1.536436322200279397e-13 	0.0006870229315156791772 
763333.33333331148605794 	7.639522229531852084e-14 	0.0003435114657579078933 
766666.66666664474178106 	9.673547934586684962e-16 	5.866047749907948655e-17 
769999.99999997799750417 	6.563234321558923065e-14 	0.0011812272002139064062 
773333.33333331125322729 	1.303157545162787296e-13 	0.0023624544004278136798 
776666.66666664450895041 	6.49650056895183102e-14  	0.0011812272002139727594 
779999.99999997764825821 	1.363584581849965327e-15 	1.061921341361663742e-16 
783333.33333331090398133 	2.375155681874470095e-15 	0.000132804728676708014  
786666.66666664415970445 	5.19079913103811888e-15  	0.0002656094573532481393 
789999.99999997741542757 	2.901779190465354311e-15 	0.0001328047286766830231 
793333.33333331067115068 	1.713820198618517864e-15 	7.176229735593401788e-17 
796666.6666666439268738  	1.899736880207397183e-07 	0.0095214751244413545206 
799999.9999999770661816  	3.799473766353698642e-07 	0.0190429502488823239326 
803333.33333331032190472 	1.899736888054230203e-07 	0.009521475124441144619  
806666.66666664357762784 	1.537466049157753362e-15 	3.114096644089561991e-16 
809999.99999997683335096 	3.084379720532238428e-15 	0.0001310881974201973392 
813333.33333331008907408 	5.846222551358148788e-15 	0.0002621763948399203942 
816666.66666664334479719 	4.301534666640367872e-15 	0.0001310881974196169116 
819999.99999997660052031 	1.134131667836968095e-15 	7.645520569795809846e-17 
823333.33333330973982811 	6.765304170052957083e-14 	0.0011757640290212712127 
826666.66666664299555123 	1.349303423640866598e-13 	0.0023515280580420588712 
829999.99999997625127435 	6.695890062216172989e-14 	0.0011757640290209906211 
833333.33333330950699747 	7.788138374746523482e-16 	2.456163346326385744e-16 
836666.66666664276272058 	7.655345768179132812e-14 	0.0003426183659742828257 
839999.9999999760184437  	1.522977228982919535e-13 	0.000685236731948269881  
843333.3333333091577515  	7.612876036468676983e-14 	0.0003426183659741628587 
846666.66666664241347462 	1.30063179343883191e-15  	4.225116173685913938e-16 
849999.99999997566919774 	9.349699735177786075e-15 	0.0008953838026583409724 
853333.33333330892492086 	1.908215374327202738e-14 	0.0017907676053145564748 
856666.66666664218064398 	1.011550758637793865e-14 	0.0008953838026559074806 
859999.99999997543636709 	2.057001108081826623e-15 	1.378514740984310044e-16 
863333.33333330869209021 	7.306250441323337988e-12 	0.0004087248060370979731 
866666.66666664183139801 	1.461478227846327977e-11 	0.0008174496120748689105 
869999.99999997508712113 	7.313931891451119068e-12 	0.0004087248060375060126 
873333.33333330834284425 	7.72380420008469273e-15  	2.145636388192538181e-16 
876666.66666664159856737 	1.121847803560902466e-14 	0.0005051217195680287285 
879999.99999997485429049 	2.502765276642072965e-14 	0.0010102434391360203773 
883333.3333333081100136  	1.163184304725493557e-14 	0.000505121719568005635  
886666.6666666412493214  	6.95313428807908924e-16  	4.088195634380194497e-16 
889999.99999997450504452 	3.934536057846107429e-14 	0.0002695135671329107626 
893333.33333330776076764 	7.99967660698326447e-14  	0.0005390271342668072818 
896666.66666664101649076 	4.050059495918666346e-14 	0.0002695135671334822998 
899999.99999997427221388 	3.48927706580721455e-16  	1.20163293273879907e-15  
903333.333333307527937   	5.285909418514749141e-14 	0.0001038273418640040451 
906666.66666664078366011 	1.057782940517639255e-13 	0.0002076546837285290765 
909999.99999997392296791 	5.337476329280030138e-14 	0.0001038273418641346373 
913333.33333330717869103 	8.53389140867449601e-16  	1.092374563102157774e-16 
916666.66666664043441415 	9.789663326388224798e-15 	9.568525490889306885e-05 
919999.99999997369013727 	1.871359353953468862e-14 	0.0001913705098177540724 
923333.33333330694586039 	9.910387905283667361e-15 	9.568525490882126756e-05 
926666.6666666402015835  	4.268510226833597101e-15 	1.599704633183352677e-16 
929999.9999999733408913  	7.975155365386216391e-12 	0.0002103796868045043405 
933333.33333330659661442 	1.595903974959456081e-11 	0.0004207593736087957437 
936666.66666663985233754 	7.980691291444045559e-12 	0.000210379686804316638  
939999.99999997310806066 	2.089490860042497319e-15 	1.646606635253312321e-16 
943333.33333330636378378 	1.485462153846125629e-14 	0.0006978618884773632198 
946666.6666666396195069  	3.068851939781373952e-14 	0.0013957237769581505669 
949999.99999997287523001 	1.522209877457625114e-14 	0.0006978618884807512432 
953333.33333330601453781 	6.591243822611257682e-16 	1.854628001002252946e-16 
956666.66666663927026093 	4.489372427343991805e-14 	0.00036586707384955356   
959999.99999997252598405 	8.947930067551897405e-14 	0.0007317341476993274299 
963333.33333330578170717 	4.462507891429404676e-14 	0.000365867073849813389  
966666.66666663903743029 	3.865389570923923222e-16 	6.092446603169856748e-17 
969999.99999997229315341 	6.101159993756010612e-14 	0.0017582701228973684256 
973333.33333330554887652 	1.213941654245595137e-13 	0.0035165402457948287916 
976666.66666663868818432 	6.05859177938369581e-14  	0.0017582701228974202505 
979999.99999997194390744 	4.161321306188693974e-16 	9.371590145766305619e-17 
983333.33333330519963056 	6.600691251988007726e-15 	0.0003368562063050363291 
986666.66666663845535368 	1.384574056617883265e-14 	0.0006737124126099049322 
989999.9999999717110768  	6.789366808045528379e-15 	0.0003368562063046708988 
993333.33333330496679991 	1.44931404037091011e-15  	1.138330939060713752e-16 
996666.66666663810610771 	2.745251526538195082e-05 	2.1674815054720384388531 
999999.99999997136183083 	5.490503053136997066e-05 	4.3349630109440768777063 
1003333.3333333046175539 	2.745251526641294577e-05 	2.1674815054720384388531 
1006666.6666666378732771 	1.867446348664433115e-15 	2.563485073002516298e-16 
1009999.9999999711290002 	4.626231590694001117e-15 	0.0001508313527934810943 
1013333.3333333043847233 	1.036702063034397734e-14 	0.0003016627055879343927 
1016666.6666666376404464 	4.71721517528127609e-15  	0.0001508313527943922578 
1019999.9999999707797542 	9.409933522838119987e-16 	2.007609753948076679e-17 
1023333.3333333040354773 	3.613718827953443255e-14 	9.786644675050886171e-05 
1026666.6666666372912005 	7.188160399606913178e-14 	0.0001957328935015124991 
1029999.9999999705469236 	3.57044855786251532e-14  	9.786644675080984979e-05 
1033333.3333333038026467 	5.216392616105967674e-16 	2.330734517036973048e-16 
1036666.6666666370583698 	6.774905804818291178e-14 	0.0001177970426331168826 
1039999.9999999701976776 	1.349273993610543729e-13 	0.0002355940852660448972 
1043333.3333333034534007 	6.760024253135486159e-14 	0.0001177970426331037638 
1046666.6666666367091238 	9.811625237857264174e-16 	3.898045340413461186e-16 
1049999.999999969964847  	3.026145140702041797e-15 	0.0005644777987994432271 
1053333.3333333032205701 	6.636210424820504693e-15 	0.001128955597598049667  
1056666.6666666364762932 	3.626871585383628003e-15 	0.0005644777987981092248 
1059999.9999999697320163 	1.994539526703384839e-16 	2.453272429925429761e-17 
1063333.3333333029877394 	3.003233281549862255e-12 	0.0003654792475997182231 
1066666.6666666362434626 	6.007237604267390435e-12 	0.0007309584952002381054 
1069999.9999999694991857 	3.005613178456024383e-12 	0.0003654792476001476214 
1073333.3333333025220782 	4.626152216164058967e-15 	1.527628502023665087e-16 
1076666.6666666357778013 	8.687677321784990757e-15 	0.0006151428227798719575 
1079999.9999999690335244 	1.957968652864522437e-14 	0.001230285645559610775  
1083333.3333333022892475 	9.327120049469433433e-15 	0.0006151428227797863055 
1086666.6666666355449706 	2.580989237272491427e-16 	3.601483638837679755e-16 
1089999.9999999688006938 	1.96035615864252207e-14  	0.0004823062527109309573 
1093333.3333333020564169 	3.863269543978357683e-14 	0.0009646125054232641133 
1096666.66666663531214   	1.917993316001422106e-14 	0.0004823062527115976874 
1099999.9999999685678631 	7.835603156656185451e-16 	2.600013555158628854e-15 
1103333.3333333018235862 	4.265169771646586887e-14 	0.0004142571500655789561 
1106666.6666666350793093 	8.435620613200612342e-14 	0.0008285143001321217679 
1109999.9999999683350325 	4.193518614982223458e-14 	0.0004142571500656800037 
1113333.3333333015907556 	5.49670692784094341e-16  	1.716339667054572904e-16 
1116666.6666666346136481 	4.602459642908549399e-15 	0.0003678997867974896641 
1119999.9999999678693712 	8.541503683622709386e-15 	0.000735799573595076039  
1123333.3333333011250943 	4.675981955343598178e-15 	0.0003678997867975617635 
1126666.6666666343808174 	1.568645012104822368e-15 	1.062599272015078162e-16 
1129999.9999999676365405 	4.346134099428881996e-12 	0.0001108956656667835097 
1133333.3333333008922637 	8.690875350192187785e-12 	0.0002217913313336307435 
1136666.6666666341479868 	4.346258267537829933e-12 	0.0001108956656668637543 
1139999.9999999674037099 	1.239317540224903692e-15 	1.039268751895751358e-16 
1143333.333333300659433  	1.261800262901192711e-14 	9.088571781769452058e-05 
1146666.6666666339151561 	2.568458335162380147e-14 	0.0001817714356355865286 
1149999.9999999671708792 	1.270311502768248732e-14 	9.088571781776298795e-05 
1153333.3333333004266024 	4.589711749608607912e-16 	6.344193892414202837e-17 
1156666.6666666336823255 	2.474608354819203664e-14 	0.0001735788458732007719 
1159999.999999966705218  	4.977965801637943014e-14 	0.0003471576917467005126 
1163333.3333332999609411 	2.473966069075702252e-14 	0.0001735788458735044299 
1166666.6666666332166642 	2.850941739306595523e-16 	6.664821570618439645e-17 
1169999.9999999664723873 	2.483139079544008936e-14 	0.0013037783810105907107 
1173333.3333332997281104 	4.928100370229957846e-14 	0.0026075567620215370397 
1176666.6666666329838336 	2.480255946223957508e-14 	0.001303778381010737078  
1179999.9999999662395567 	5.626599702055904259e-16 	8.134344477773280935e-17 
1183333.3333332994952798 	9.279680333480853566e-15 	0.0003432854508796575341 
1186666.6666666327510029 	1.797879777293405434e-14 	0.0006865709017591718451 
1189999.999999966006726  	9.162466177918812824e-15 	0.0003432854508791776662 
1193333.3333332992624491 	1.59930209221205531e-15  	1.236207719549743332e-16 
1196666.6666666325181723 	2.239693675796943265e-05 	2.5464614566010639329363 
1199999.9999999657738954 	4.479387351586249004e-05 	5.0929229132021278658726 
1203333.3333332990296185 	2.23969367583685783e-05  	2.5464614566010639329363 
1206666.666666632052511  	1.793442125844980294e-15 	1.659270668589300424e-16 
1209999.9999999653082341 	8.471322487438858262e-15 	0.0003442617756710889942 
1213333.3333332985639572 	1.739206669428565176e-14 	0.0006885235513430301713 
1216666.6666666318196803 	8.525814755436619839e-15 	0.0003442617756719055068 
1219999.9999999650754035 	6.418924829665464504e-16 	7.543238333233431726e-17 
1223333.3333332983311266 	2.462015223592110112e-14 	0.0013143627712668779633 
1226666.6666666315868497 	4.939847374535706282e-14 	0.0026287255425343327223 
1229999.9999999648425728 	2.454564645808701057e-14 	0.0013143627712672257754 
1233333.3333332980982959 	1.928663845392825282e-16 	1.860600041251483101e-16 
1236666.666666631354019  	2.534569325734778621e-14 	0.0001761280003921208298 
1239999.9999999646097422 	5.05151143672642396e-14  	0.0003522560007842283239 
1243333.3333332978654653 	2.541676019261678576e-14 	0.0001761280003919605305 
1246666.6666666311211884 	3.74789664547536436e-16  	3.676829526891982813e-16 
1249999.9999999641440809 	1.349413688134340742e-14 	9.764275492761038565e-05 
1253333.333333297399804  	2.694599156149563016e-14 	0.0001952855098545553693 
1256666.6666666306555271 	1.380694155657296103e-14 	9.764275492733116293e-05 
1259999.9999999639112502 	1.422118272723679772e-15 	2.181966976280343225e-16 
1263333.3333332971669734 	4.191168001186716866e-12 	0.0001078228649848818018 
1266666.6666666304226965 	8.383929792528537653e-12 	0.0002156457299705023518 
1269999.9999999636784196 	4.192132700045992306e-12 	0.0001078228649851774366 
1273333.3333332969341427 	7.323226059071299496e-16 	2.212518814223911072e-16 
1276666.6666666301898658 	3.725834690189175928e-15 	0.0003642746557783550559 
1279999.9999999634455889 	8.149958639312155745e-15 	0.0007285493115566203399 
1283333.3333332967013121 	3.742639124647374215e-15 	0.0003642746557783136394 
1286666.6666666299570352 	5.057591851896725398e-16 	2.55978042105681445e-16  
1289999.9999999632127583 	4.147417816880622242e-14 	0.0004121422062214708882 
1293333.3333332962356508 	8.236319732233163363e-14 	0.000824284412444191753  
1296666.6666666294913739 	4.083082439124684151e-14 	0.0004121422062220076224 
1299999.999999962747097  	8.070744533260637873e-16 	2.636207613299203593e-15 
1303333.3333332960028201 	2.003407452710771814e-14 	0.0004816636922454615955 
1306666.6666666292585433 	3.954167808790563147e-14 	0.0009633273844917146587 
1309999.9999999625142664 	1.954304389296226167e-14 	0.0004816636922454421883 
1313333.3333332957699895 	1.156218548236890252e-16 	2.094563001913652372e-16 
1316666.6666666290257126 	1.126925228577652178e-14 	0.0006156263293138395211 
1319999.9999999622814357 	2.11620111727902585e-14  	0.0012312526586276961726 
1323333.3333332955371588 	1.152436508593148069e-14 	0.0006156263293137888889 
1326666.666666628792882  	5.002621999182385568e-15 	1.38334803546302427e-16  
1329999.9999999620486051 	2.890774623470562489e-12 	0.0003671200714885888882 
1333333.3333332953043282 	5.786295014437248958e-12 	0.0007342401429768409147 
1336666.6666666283272207 	2.893652340981875859e-12 	0.0003671200714884163916 
1339999.9999999615829438 	2.817310834111866045e-16 	7.537737516061244609e-17 
1343333.3333332948386669 	3.010568751223545901e-15 	0.0005693420035883384189 
1346666.66666662809439   	5.698184146605906898e-15 	0.0011386840071807315371 
1349999.9999999613501132 	2.99475217979501134e-15  	0.0005693420035925095615 
1353333.3333332946058363 	8.412685507328160119e-16 	9.41302386414032084e-17  
1356666.6666666278615594 	6.766336066328004238e-14 	0.0001205463299826137782 
1359999.9999999611172825 	1.355088049028429084e-13 	0.0002410926599650792647 
1363333.3333332943730056 	6.750266378724646322e-14 	0.0001205463299824504161 
1366666.6666666276287287 	4.79722075938205443e-16  	8.28574654872894192e-17  
1369999.9999999608844519 	3.34959286344405787e-14  	8.459015483253259308e-05 
1373333.333333294140175  	6.664093326114023193e-14 	0.0001691803096652532139 
1376666.6666666273958981 	3.323552429151640695e-14 	8.459015483257784497e-05 
1379999.9999999604187906 	7.716004444046754424e-16 	6.899263063320095613e-17 
1383333.3333332936745137 	6.900954817800259166e-15 	0.0001483196237581720133 
1386666.6666666269302368 	1.265677417206985585e-14 	0.0002966392475164586267 
1389999.9999999601859599 	6.591602398426238689e-15 	0.0001483196237579318354 
1393333.3333332934416831 	1.545451045471552952e-15 	7.954157601556009792e-17 
1396666.6666666266974062 	9.929262665588689109e-06 	1.5366521326636992661463 
1399999.9999999599531293 	1.985852533104113127e-05 	3.0733042653273985322926 
1403333.3333332932088524 	9.929262665839087295e-06 	1.5366521326636992661463 
1406666.6666666264645755 	9.937589787620796165e-16 	5.386534734467674537e-17 
1409999.9999999597202986 	7.559610332701039749e-15 	0.0003357243587996024689 
1413333.3333332929760218 	1.512286924328342889e-14 	0.0006714487175994290425 
1416666.6666666262317449 	7.884206167023519214e-15 	0.0003357243587999135265 
1419999.999999959487468  	4.413449534150148357e-16 	1.191334930277144559e-16 
1423333.3333332925103605 	6.28743701559531405e-14  	0.0017599520467742829719 
1426666.6666666257660836 	1.256813289931870261e-13 	0.0035199040935488968423 
1429999.9999999590218067 	6.257107718883364273e-14 	0.0017599520467745433973 
1433333.3333332922775298 	3.031499650093496405e-16 	1.158013708785795875e-16 
1436666.666666625533253  	4.298991185435187121e-14 	0.0003667206065647579064 
1439999.9999999587889761 	8.568283239860326374e-14 	0.0007334412131292456297 
1443333.3333332920446992 	4.266995741053094375e-14 	0.000366720606564431941  
1446666.6666666253004223 	3.585143151902706806e-16 	3.275047902899718307e-16 
1449999.9999999585561454 	1.597439690675362514e-14 	0.0007025476635169158705 
1453333.3333332918118685 	3.214952317049798231e-14 	0.0014050953270320198224 
1456666.6666666250675917 	1.637728515316619738e-14 	0.0007025476635152683169 
1459999.9999999583233148 	1.814790281235402721e-15 	3.766243287243979669e-16 
1463333.3333332915790379 	7.853266439678467064e-12 	0.0002130817410126613354 
1466666.6666666246019304 	1.570888867828747643e-11 	0.0004261634820247279317 
1469999.9999999578576535 	7.857495810707521421e-12 	0.000213081741012557008  
1473333.3333332911133766 	2.937411054905720814e-15 	3.484013299096917542e-16 
1476666.6666666243690997 	8.260576615014128927e-15 	0.0001003254133372919642 
1479999.9999999576248229 	1.736147592126608763e-14 	0.0002006508266748444351 
1483333.333333290880546  	8.407359348280894915e-15 	0.0001003254133373811398 
1486666.6666666241362691 	6.997480892087766829e-16 	9.30094701950626625e-17  
1489999.9999999573919922 	5.402079656613343293e-14 	0.000100195751126336231  
1493333.3333332906477153 	1.08549390519701512e-13  	0.0002003915022530307366 
1496666.6666666239034384 	5.430510721740549161e-14 	0.0001001957511264785596 
1499999.9999999571591616 	2.764276626427347311e-16 	1.284203726686980586e-15 
1503333.3333332904148847 	3.683460965023529598e-14 	0.0002664903593311097126 
1506666.6666666236706078 	7.436351808269237184e-14 	0.0005329807186629576584 
1509999.9999999566935003 	3.765965651252595245e-14 	0.0002664903593309784157 
1513333.3333332899492234 	4.359444492340497624e-16 	2.542863026304570947e-16 
1516666.6666666232049465 	1.399470399228782212e-14 	0.0005021801631669499692 
1519999.9999999564606696 	2.704858229696718816e-14 	0.0010043603263339936135 
1523333.3333332897163928 	1.433775102952024135e-14 	0.0005021801631668649677 
1526666.6666666229721159 	4.841618778949366051e-15 	1.442008756987955182e-16 
1529999.999999956227839  	7.30214308749245035e-12  	0.0004079709840222881987 
1533333.3333332894835621 	1.461243267651292757e-11 	0.0008159419680440241048 
1536666.6666666227392852 	7.306926899719440444e-12 	0.0004079709840219335019 
1539999.9999999559950083 	9.767451096314467868e-16 	2.400777884415412871e-16 
1543333.3333332892507315 	8.697931583235652064e-15 	0.0008955019003514672537 
1546666.6666666225064546 	1.781554001864575772e-14 	0.001791003800709827648  
1549999.9999999557621777 	9.049635503454279204e-15 	0.0008955019003583802352 
1553333.3333332890179008 	7.754988276460597595e-16 	1.928453432348767803e-16 
1556666.6666666220407933 	7.767207313709949195e-14 	0.0003439548616904887588 
1559999.9999999552965164 	1.553207402985289293e-13 	0.0006879097233809462926 
1563333.3333332885522395 	7.741037331163206394e-14 	0.0003439548616904724416 
1566666.6666666218079627 	4.650090438610081234e-16 	1.012509289058032078e-16 
1569999.9999999550636858 	6.439228349814971071e-14 	0.0011839441146378833127 
1573333.3333332883194089 	1.282959286883244018e-13 	0.0023678882292757141501 
1576666.666666621575132  	6.401375568244046021e-14 	0.0011839441146379010936 
1579999.9999999548308551 	6.065599150077865057e-16 	6.401306282164062458e-17 
1583333.3333332880865782 	2.369199311726024158e-15 	0.0001336617869406183886 
1586666.6666666213423014 	5.098455880209997507e-15 	0.0002673235738808600712 
1589999.9999999545980245 	2.649888236156375892e-15 	0.0001336617869403832523 
1593333.3333332878537476 	8.207503202785727358e-16 	1.415073363234587322e-17 
1596666.6666666211094707 	4.748726317021345594e-08 	0.009521445586366080599  
1599999.9999999541323632 	9.497452663863593857e-08 	0.0190428911727321091563 
1603333.3333332873880863 	4.748726360686481654e-08 	0.0095214455863661170282 
1606666.6666666206438094 	6.599554022640847553e-16 	8.189595347410735995e-17 
1609999.9999999538995326 	2.926062162584053985e-15 	0.0001302287350777449305 
1613333.3333332871552557 	5.809017335459477123e-15 	0.0002604574701549468383 
1616666.6666666204109788 	3.5515952175316448e-15   	0.0001302287350773890411 
1619999.9999999536667019 	7.472982447534573556e-16 	1.318545804820942492e-16 
1623333.333333286922425  	6.861377867774178023e-14 	0.0011730177861867755601 
1626666.6666666201781482 	1.369612650908291389e-13 	0.0023460355723736807908 
1629999.9999999534338713 	6.819947921299544975e-14 	0.0011730177861869613924 
1633333.3333332866895944 	4.752523441742983571e-16 	4.251067083642743886e-17 
1636666.6666666199453175 	7.563921274001126473e-14 	0.0003421686679075509429 
1639999.9999999532010406 	1.507214372359529673e-13 	0.0006843373358147779263 
1643333.3333332862239331 	7.541458353253756101e-14 	0.0003421686679072248149 
1646666.6666666194796562 	6.659492586248846285e-16 	2.500623535053169274e-16 
1649999.9999999527353793 	9.485751530511892319e-15 	0.0008953332877543608136 
1653333.3333332859911025 	1.921047325088922546e-14 	0.0017906665755066254308 
1656666.6666666192468256 	9.939260022130521323e-15 	0.0008953332877522722066 
1659999.9999999525025487 	1.125738719504979586e-15 	4.303361508503734293e-16 
1663333.3333332857582718 	7.302865185798387708e-12 	0.0004089709551214861156 
1666666.6666666190139949 	1.460702201436217061e-11 	0.0008179419102425645712 
1669999.9999999522697181 	7.307098015234925574e-12 	0.0004089709551215199427 
1673333.3333332855254412 	4.218482108768438522e-15 	4.121671153420698365e-16 
1676666.6666666187811643 	1.170405602739904379e-14 	0.0005060964947908103617 
1679999.9999999520368874 	2.492291481049851913e-14 	0.0010121929895819004475 
1683333.3333332852926105 	1.201448393559553518e-14 	0.0005060964947908450562 
1686666.666666618315503  	3.538730625579549584e-16 	1.046313077050387025e-16 
1689999.9999999515712261 	4.018488629380549771e-14 	0.0002705176196117615962 
1693333.3333332848269492 	8.104315044902022235e-14 	0.0005410352392241700274 
1696666.6666666180826724 	4.081212386642953618e-14 	0.000270517619612043814  
1699999.9999999513383955 	1.970152840502289538e-16 	7.84373670652293003e-16  
1703333.3333332845941186 	5.289402995934451591e-14 	0.0001050370116495535726 
1706666.6666666178498417 	1.051160845414704864e-13 	0.0002100740232989454365 
1709999.9999999511055648 	5.277549817571582551e-14 	0.0001050370116496690266 
1713333.333333284361288  	5.694915768336101669e-16 	2.970874911508250181e-16 
1716666.6666666176170111 	9.762819920574777823e-15 	9.413815170716653561e-05 
1719999.9999999508727342 	1.889723705340675964e-14 	0.0001882763034144580797 
1723333.3333332841284573 	9.709870304633128491e-15 	9.413815170703666174e-05 
1726666.6666666173841804 	2.308380686496821488e-15 	8.386330461250887818e-17 
1729999.9999999504070729 	8.017258273267676925e-12 	0.0002094761843236357527 
1733333.333333283662796  	1.603914434009733211e-11 	0.0004189523686466540523 
1736666.6666666169185191 	8.020127218394450759e-12 	0.0002094761843231791138 
1739999.9999999501742423 	1.083643472372853331e-15 	3.580276557491339194e-16 
1743333.3333332834299654 	1.506729354850338146e-14 	0.0006962926386253836348 
1746666.6666666166856885 	3.062093064025948106e-14 	0.0013925852772567744002 
1749999.9999999499414116 	1.531229619269641004e-14 	0.0006962926386312574085 
1753333.3333332831971347 	2.741495998768177926e-16 	2.020372885037619696e-16 
1756666.6666666164528579 	4.547119910910288958e-14 	0.0003655779848719397664 
1759999.999999949708581  	9.070640901982001867e-14 	0.0007311559697438512351 
1763333.3333332829643041 	4.514780435429770288e-14 	0.0003655779848719972833 
1766666.6666666162200272 	2.479311629764202723e-16 	1.069616235899068128e-16 
1769999.9999999494757503 	6.022877591919457185e-14 	0.0017576886855768904857 
1773333.3333332824986428 	1.200477065290164086e-13 	0.0035153773711538369162 
1776666.6666666157543659 	5.997837387479905553e-14 	0.0017576886855769427442 
1779999.999999949010089  	2.724129743521766565e-16 	7.354769402436318814e-17 
1783333.3333332822658122 	6.645681147535344652e-15 	0.0003372293270440517585 
1786666.6666666155215353 	1.383427273005075706e-14 	0.000674458654087565319  
1789999.9999999487772584 	6.890134281011995558e-15 	0.0003372293270434049235 
1793333.3333332820329815 	7.111939975280565241e-16 	1.052434030055539741e-16 
1796666.6666666152887046 	4.718917611006911235e-06 	1.2071356300020577023702 
1799999.9999999485444278 	9.437835222269677242e-06 	2.4142712600041154047403 
1803333.3333332818001509 	4.718917611549697571e-06 	1.2071356300020577023702 
1806666.666666615055874  	9.556032871667993402e-16 	1.369643312504118052e-16 
1809999.9999999483115971 	5.034327678799941724e-15 	0.0001516666973776550345 
1813333.3333332815673202 	1.050602126348004494e-14 	0.0003033333947565074618 
1816666.6666666145902127 	4.889643714096318451e-15 	0.0001516666973785817292 
1819999.9999999478459358 	5.590380713642532497e-16 	1.202346210004076779e-16 
1823333.3333332811016589 	3.688647553891410596e-14 	0.0001022986914408774428 
1826666.6666666143573821 	7.342134156484105254e-14 	0.0002045973828818338969 
1829999.9999999476131052 	3.656263540526408429e-14 	0.0001022986914407904627 
1833333.3333332808688283 	2.766410307620292379e-16 	1.324690099563632295e-17 
1836666.6666666141245514 	6.707526527373223848e-14 	0.0001168792584374868414 
1839999.9999999473802745 	1.338359705704940025e-13 	0.0002337585168747463528 
1843333.3333332806359977 	6.702902674738531686e-14 	0.0001168792584373009685 
1846666.6666666138917208 	5.841118092645329568e-16 	1.520722678271207084e-16 
1849999.9999999471474439 	2.833512955300341856e-15 	0.0005628479793690018039 
1853333.333333280403167  	6.166140683708573484e-15 	0.0011256959587367515712 
1856666.6666666136588901 	3.223111363883590417e-15 	0.000562847979367610881  
1859999.9999999466817826 	1.909907800619850965e-16 	3.646357614020567051e-16 
1863333.3333332799375057 	3.037573419303668279e-12 	0.0003649278880574769184 
1866666.6666666131932288 	6.075691311721327678e-12 	0.0007298557761146784494 
1869999.999999946448952  	3.039223092994897613e-12 	0.0003649278880575519452 
1873333.3333332797046751 	2.90787948428510538e-15  	3.76839138128712708e-16  
1876666.6666666129603982 	9.084968322763254415e-15 	0.0006149739325486904993 
1879999.9999999462161213 	1.958167100429941101e-14 	0.0012299478650975861297 
1883333.3333332794718444 	9.463484166676723596e-15 	0.0006149739325486105936 
1886666.6666666127275676 	1.091989197561305677e-16 	2.445301157494319417e-16 
1889999.9999999459832907 	1.971171610828179534e-14 	0.0004825143833160262406 
1893333.3333332792390138 	3.906411356492406089e-14 	0.0009650287666335670032 
1896666.6666666124947369 	1.944406221395019836e-14 	0.0004825143833167098843 
1899999.99999994575046   	4.444301519595323407e-16 	2.134357931048635379e-15 
1903333.3333332790061831 	4.243344190650394119e-14 	0.0004149572394473513559 
1906666.6666666120290756 	8.426703528903064691e-14 	0.0008299144788949006871 
1909999.9999999452847987 	4.199083905128419451e-14 	0.0004149572394475874409 
1913333.3333332785405219 	3.156057939308399361e-16 	2.872348724737239756e-16 
1916666.666666611796245  	4.310361601289836294e-15 	0.0003691029719612750324 
1919999.9999999450519681 	8.222771374600010295e-15 	0.000738205943922457474  
1923333.3333332783076912 	4.398416206203710314e-15 	0.0003691029719614473664 
1926666.6666666115634143 	1.009883709296623293e-15 	9.726354556056370084e-17 
1929999.9999999448191375 	4.395146980875624418e-12 	0.0001119187916533393535 
1933333.3333332780748606 	8.790041855968488825e-12 	0.000223837583307199341  
1936666.6666666113305837 	4.3953999377866722e-12   	0.0001119187916537862346 
1939999.9999999445863068 	5.241729997093411899e-16 	3.725678668382398184e-16 
1943333.3333332778420299 	1.263562677997633769e-14 	8.863416507236067973e-05 
1946666.666666611097753  	2.567522634862694378e-14 	0.0001772683301448206182 
1949999.9999999441206455 	1.286039238870417002e-14 	8.863416507227226304e-05 
1953333.3333332773763686 	3.185212374880618434e-16 	1.3681297268208239e-16   
1956666.6666666106320918 	2.489979468136148775e-14 	0.0001727268607164579584 
1959999.9999999438878149 	5.008847713650174649e-14 	0.0003454537214328675613 
1963333.333333277143538  	2.492908594093739524e-14 	0.000172726860716527537  
1966666.6666666103992611 	2.175094520607182525e-16 	9.302973676590496485e-17 
1969999.9999999436549842 	2.463885662008611876e-14 	0.0013002404137134244456 
1973333.3333332769107074 	4.908452646441755157e-14 	0.0026004808274271585394 
1976666.6666666101664305 	2.464343679513016534e-14 	0.0013002404137135465268 
1979999.9999999434221536 	3.636317607319844115e-16 	7.60620170518749573e-17  
1983333.3333332766778767 	9.132224425311116395e-15 	0.000342955733581476528  
1986666.6666666099335998 	1.791471303820487425e-14 	0.0006859114671624092201 
1989999.9999999431893229 	9.119753208339653043e-15 	0.00034295573358066484   
1993333.3333332762122154 	9.691780101933918801e-16 	1.569741107027111701e-16 
1996666.6666666094679385 	4.837649933766658665e-06 	1.5278578958991166913961 
1999999.9999999427236617 	9.675299867745300878e-06 	3.0557157917982333827922 
2003333.3333332759793848 	4.837649934173463179e-06 	1.5278578958991166913961 